I be(mA)	I ce(mA)	U(Ib)	I(Ib)0E+0	I(Ib)100E-3	I(Ib)200E-3	I(Ib)300E-3	I(Ib)400E-3	I(Ib)500E-3	I be(mA)	U be (V)	Ube(Ib)0E+0	Ube(Ib)100E-3	Ube(Ib)200E-3	Ube(Ib)300E-3	Ube(Ib)400E-3	Ube(Ib)500E-3	
0	0,098	0	0,098	-0,146	-0,391	-0,586	-0,83	-1,025	0	0	-24,414	56,152	63,477	63,477	63,477	63,477
0,01	2,441	0	0	0,049	0	-0,049	-0,146	-0,195	0,01	0,586	0	57,129	64,453	64,941	64,941	64,941
0,02	5,518	0	0	0,293	0,488	0,586	0,732	0,781	0,02	0,62	0	58,594	65,43	65,918	65,918	65,918
0,03	8,398	0	0	0,586	1,074	1,465	1,807	2,002	0,03	0,635	0	59,57	66,406	66,895	66,895	66,895
0,04	11,377	0	0	1,025	1,904	2,539	3,027	3,467	0,04	0,649	0	60,547	67,383	67,871	67,871	67,871
0,05	14,16	0	0	1,562	2,93	3,809	4,59	5,176	0,05	0,659	0	61,523	68,359	68,848	68,848	68,848
0,06	16,992	0	0	2,246	4,053	5,273	6,25	7,08	0,06	0,674	0	62,5	68,848	69,336	69,336	69,824
0,07	19,678	0	0	3,076	5,42	6,982	8,154	9,131	0,07	0,679	0	63,477	69,824	70,312	70,312	70,312
0,08	22,412	0	0	4,004	6,934	8,789	10,205	11,377	0,08	0,688	0	64,453	70,312	71,289	71,289	71,289
0,09	25	0	0	5,127	8,545	10,742	12,402	13,77	0,09	0,693	0	65,43	71,289	71,777	71,777	72,266
0,1	27,686	0	0	6,25	10,254	12,744	14,648	16,162	0,1	0,698	0	65,918	71,777	72,266	72,754	72,754
0,11	30,176	0	0	7,471	12,012	14,795	16,943	18,652	0,11	0,703	0	66,895	72,266	73,242	73,242	73,242
0,12	32,715	0	0	8,74	13,77	16,895	19,238	21,191	0,12	0,708	0	67,383	72,754	73,73	73,73	74,219
0,13	35,107	0	0	10,01	15,527	18,945	21,582	23,73	0,13	0,713	0	67,871	73,242	74,219	74,219	74,707
0,14	37,598	0	0	11,23	17,187	20,947	23,828	26,123	0,14	0,713	0	68,359	73,73	74,707	74,707	75,195
0,15	39,893	0	0	12,402	18,799	22,852	25,928	28,467	0,15	0,718	0	68,848	74,219	74,707	75,195	75,684
0,16	42,236	0	0	13,428	20,264	24,658	27,979	30,713	0,16	0,723	0	69,336	74,707	75,684	75,684	75,684
0,17	44,434	0	0	14,453	21,68	26,318	29,932	32,861	0,17	0,723	0	69,824	74,707	75,684	76,172	76,172
0,18	46,777	0	0	15,283	22,852	27,832	31,641	34,766	0,18	0,728	0	69,824	75,195	76,172	76,172	76,66
0,19	48,877	0	0	16,016	23,926	29,199	33,252	36,523	0,19	0,732	0	70,312	75,195	76,172	76,66	77,148
0,2	51,025	0	0	16,65	24,902	30,42	34,668	38,184	0,2	0,732	0	70,312	75,684	76,172	77,148	77,148
0,21	53,027	0	0	17,676	26,416	32,471	37,158	40,967	0,21	0,732	0	70,801	75,684	76,66	77,148	77,637
0,22	55,078	0	0	18,115	27,1	33,301	38,135	42,139	0,22	0,737	0	70,801	75,684	77,148	77,637	78,125
0,23	56,885	0	0	18,457	27,637	34,033	39,062	43,213	0,23	0,737	0	71,289	76,172	77,148	77,637	78,125
0,24	58,74	0	0	18,75	28,076	34,668	39,844	44,141	0,24	0,737	0	71,289	76,172	77,148	77,637	78,125
0,25	60,352	0	0	18,994	28,467	35,205	40,527	44,971	0,25	0,742	0	71,289	76,172	77,148	77,637	78,613
0,26	61,963	0	0	19,238	28,857	35,693	41,162	45,654	0,26	0,742	0	71,289	76,172	77,148	78,125	78,613
0,27	63,574	0	0	19,434	29,15	36,133	41,65	46,289	0,27	0,742	0	71,289	76,66	77,637	78,125	78,613
0,28	65,039	0	0	19,629	29,443	36,523	42,139	46,826	0,28	0,742	0	71,289	76,66	77,637	78,125	78,613
0,29	66,504	0	0	19,824	29,736	36,865	42,529	47,314	0,29	0,747	0	71,777	76,66	77,637	78,125	78,613
0,3	67,871	0	0	20,02	29,98	37,158	42,92	47,754	0,3	0,747	0	71,777	76,66	77,637	78,125	78,613
0,31	69,238	0	0	20,215	30,176	37,451	43,262	48,145	0,31	0,747	0	71,777	76,172	77,637	78,125	79,102
0,32	70,508	0	0	20,361	30,42	37,695	43,555	48,486	0,32	0,747	0	71,777	76,66	77,637	78,613	79,102
0,33	71,777	0	0	20,508	30,615	37,939	43,799	48,779	0,33	0,747	0	71,777	76,66	77,637	78,613	79,102
0,34	72,949	0	0	20,654	30,811	38,184	44,092	49,072	0,34	0,747	0	71,777	76,66	77,637	78,613	79,102
0,35	74,17	0	0	20,801	31,055	38,379	44,336	49,365	0,35	0,752	0	71,777	76,66	77,637	78,613	79,102
0,36	75,293	0	0	20,947	31,25	38,623	44,58	49,609	0,36	0,752	0	71,777	76,66	78,125	78,613	79,102
0,37	76,416	0	0	21,094	31,445	38,818	44,775	49,854	0,37	0,752	0	71,777	76,66	77,637	78,613	79,102
0,38	77,49	0	0	21,24	31,641	39,014	45,02	50,098	0,38	0,752	0	71,777	76,66	78,125	78,613	79,102
0,39	78,564	0	0	21,387	31,836	39,258	45,215	50,342	0,39	0,752	0	71,777	76,66	77,637	78,613	79,59
0,4	79,59	0	0	21,533	31,982	39,453	45,459	50,537	0,4	0,757	0	71,777	76,66	78,125	78,613	79,59
0,41	80,615	0	0	21,68	32,227	39,648	45,654	50,781	0,41	0,757	0	72,266	76,66	78,125	78,613	79,102
0,42	81,543	0	0	21,777	32,373	39,844	45,898	50,977	0,42	0,757	0	72,266	76,66	78,125	78,613	79,102
0,43	82,52	0	0	21,924	32,568	40,039	46,094	51,221	0,43	0,757	0	72,266	76,66	78,125	78,613	79,59
0,44	83,447	0	0	22,07	32,764	40,283	46,289	51,416	0,44	0,757	0	72,266	76,66	78,125	78,613	79,59
0,45	84,375	0	0	22,168	32,959	40,479	46,484	51,611	0,45	0,757	0	72,266	76,66	78,125	78,613	79,59
0,46	85,254	0	0	22,314	33,105	40,674	46,68	51,807	0,46	0,757	0	72,266	76,66	78,125	78,613	79,102
0,47	86,133	0	0	22,461	33,301	40,869	46,924	52,051	0,47	0,757	0	72,266	76,66	78,125	78,613	79,59
0,48	86,963	0	0	22,559	33,496	41,064	47,119	52,246	0,48	0,757	0	72,266	76,66	78,125	79,102	79,59
0,49	87,793	0	0	22,705	33,643	41,26	47,314	52,441	0,49	0,762	0	72,266	77,148	78,125	78,613	79,59
0,5	88,623	0	0	22,803	33,838	41,455	47,51	52,637	0,5	0,762	0	72,266	77,148	78,125	79,102	79,59
0	0	0	0	22,9	34,033	41,65	47,705	52,832	0	0	0	72,266	77,148	78,125	79,102	79,59
0	0	0	0	22,998	34,18	41,797	47,9	53,076	0	0	0	72,266	77,148	78,125	79,102	79,59
0	0	0	0	23,145	34,375	41,992	48,096	53,271	0	0	0	72,266	76,66	78,125	79,102	79,59
0	0	0	0	23,242	34,521	42,187	48,291	53,467	0	0	0	72,266	76,66	78,125	79,102	79,59
0	0	0	0	23,34	34,668	42,383	48,486	53,662	0	0	0	72,266	77,148	78,125	79,102	79,59
0	0	0	0	23,437	34,863	42,578	48,682	53,857	0	0	0	72,754	77,148	78,125	79,102	79,59
0	0	0	0	23,535	35,01	42,773	48,877	54,053	0	0	0	72,754	77,148	78,125	79,102	79,59
0	0	0	0	23,633	35,205	42,92	49,072	54,248	0	0	0	72,754	77,148	78,125	79,102	79,59
0	0	0	0	23,73	35,352	43,115	49,268	54,443	0	0	0	72,266	77,148	78,125	79,102	79,59
0	0	0	0	23,828	35,498	43,311	49,463	54,639	0	0	0	72,754	77,148	78,125	79,102	79,59
0	0	0	0	23,926	35,693	43,506	49,658	54,834	0	0	0	72,754	77,148	78,125	79,102	79,59
0	0	0	0	24,023	35,84	43,701	49,854	55,029	0	0	0	72,754	77,148	78,613	79,102	79,59
0	0	0	0	24,17	36,133	44,043	50,244	55,42	0	0	0	72,754	77,148	78,613	79,102	79,59
0	0	0	0	24,268	36,279	44,189	50,391	55,615	0	0	0	72,754	77,148	78,613	79,102	79,59
0	0	0	0	24,316	36,475	44,385	50,586	55,811	0	0	0	72,754	77,148	78,613	79,102	80,078
0	0	0	0	24,414	36,621	44,531	50,781	55,957	0	0	0	72,754	77,148	78,613	79,102	79,59
0	0	0	0	24,463	36,768	44,727	50,977	56,152	0	0	0	72,754	77,148	78,613	79,102	79,59
0	0	0	0	24,512	36,914	44,922	51,123	56,348	0	0	0	72,754	77,148	78,613	79,102	80,078
0	0	0	0	24,609	37,061	45,068	51,318	56,543	0	0	0	72,754	77,148	78,613	79,102	80,078
0	0	0	0	24,658	37,207	45,264	51,514	56,738	0	0	0	72,754	77,148	78,613	79,102	79,59
0	0	0	0	24,756	37,354	45,41	51,709	56,885	0	0	0	72,754	77,148	78,613	79,102	80,078
0	0	0	0	24,805	37,451	45,605	51,855	57,08	0	0	0	72,754	77,148	78,613	79,102	80,078
0	0	0	0	24,854	37,598	45,752	52,051	57,275	0	0	0	72,754	77,148	78,613	79,102	80,078
0	0	0	0	24,951	37,744	45,947	52,197	57,471	0	0	0	72,754	77,148	78,613	79,102	80,078
0	0	0	0	25	37,891	46,094	52,393	57,617	0	0	0	72,754	77,148	78,613	79,59	80,078
0	0	0	0	25,049	37,988	46,24	52,588	57,812	0	0	0	72,754	77,148	78,613	79,102	80,078
0	0	0	0	25,098	38,135	46,436	52,783	58,008	0	0	0	72,754	77,148	78,613	79,102	80,078
0	0	0	0	25,146	38,281	46,582	52,93	58,203	0	0	0	72,754	77,148	78,613	79,59	80,078
0	0	0	0	25,195	38,379	46,729	53,125	58,35	0	0	0	72,754	77,148	78,613	79,59	80,078
0	0	0	0	25,244	38,525	46,875	53,271	58,545	0	0	0	73,242	77,148	78,613	79,102	80,078
0	0	0	0	25,293	38,672	47,07	53,467	58,74	0	0	0	72,754	77,148	78,613	79,102	80,078
0	0	0	0	25,342	38,77	47,217	53,613	58,887	0	0	0	72,754	77,148	78,613	79,59	80,078
0	0	0	0	25,391	38,916	47,363	53,76	59,082	0	0	0	72,754	77,148	78,613	79,102	80,078
0	0	0	0	25,439	39,014	47,51	53,955	59,277	0	0	0	72,754	77,148	78,613	79,102	80,078
0	0	0	0	25,488	39,16	47,656	54,15	59,424	0	0	0	72,754	77,148	78,613	79,59	80,078
0	0	0	0	25,537	39,258	47,803	54,297	59,619	0	0	0	73,242	77,148	78,613	79,59	80,078
0	0	0	0	25,537	39,404	47,949	54,443	59,766	0	0	0	73,242	77,148	78,613	79,59	80,078
0	0	0	0	25,635	39,502	48,145	54,59	59,961	0	0	0	73,242	77,148	78,613	79,59	80,078
0	0	0	0	25,635	39,6	48,291	54,785	60,107	0	0	0	73,242	77,148	78,613	79,59	80,078
0	0	0	0	25,684	39,697	48,437	54,932	60,303	0	0	0	73,242	77,148	78,613	79,59	80,078
0	0	0	0	25,732	39,795	48,584	55,127	60,449	0	0	0	73,242	77,148	78,613	79,59	80,078
0	0	0	0	25,781	39,941	48,73	55,273	60,596	0	0	0	73,242	77,148	78,613	79,59	80,078
0	0	0	0	25,781	40,039	48,877	55,42	60,791	0	0	0	73,242	77,148	78,613	79,59	80,078
0	0	0	0	25,83	40,137	49,023	55,615	60,937	0	0	0	73,242	77,148	78,613	79,59	80,078
0	0	0	0	25,879	40,234	49,17	55,762	61,133	0	0	0	73,242	77,148	78,613	79,59	80,078
0	0	0	0	25,879	40,381	49,268	55,908	61,279	0	0	0	73,242	77,148	78,613	79,59	80,078
0	0	0	0	25,928	40,43	49,414	56,055	61,475	0	0	0	73,242	77,148	78,613	79,59	80,078
0	0	0	0	25,977	40,576	49,561	56,201	61,621	0	0	0	73,242	77,637	78,613	79,59	80,078
0	0	0	0	25,977	40,674	49,707	56,396	61,768	0	0	0	73,242	77,148	78,613	79,59	80,078
0	0	0	0	26,025	40,771	49,854	56,543	61,963	0	0	0	73,242	77,148	78,613	79,59	80,078
0	0	0	0	26,025	40,869	49,951	56,689	62,109	0	0	0	73,242	77,148	78,613	79,59	80,078
0	0	0	0	26,074	40,918	50,098	56,836	62,256	0	0	0	73,242	77,148	78,613	79,59	80,078
0	0	0	0	26,123	41,016	50,244	56,982	62,402	0	0	0	73,242	77,148	78,613	79,59	80,078
0	0	0	0	26,172	41,113	50,391	57,129	62,598	0	0	0	73,242	77,148	78,613	79,59	80,078
0	0	0	0	26,172	41,309	50,635	57,422	62,891	0	0	0	73,242	77,637	78,613	79,59	80,078
0	0	0	0	26,221	41,406	50,732	57,568	63,037	0	0	0	73,242	77,637	78,613	79,59	80,078
0	0	0	0	26,221	41,455	50,879	57,715	63,184	0	0	0	73,242	77,148	78,613	79,59	80,078
0	0	0	0	26,27	41,602	50,977	57,861	63,379	0	0	0	73,242	77,148	78,613	79,59	80,078
0	0	0	0	26,27	41,65	51,123	58,008	63,525	0	0	0	73,242	77,148	78,613	79,59	80,078
0	0	0	0	26,318	41,748	51,221	58,154	63,672	0	0	0	73,242	77,637	78,613	79,59	80,078
0	0	0	0	26,318	41,797	51,367	58,301	63,818	0	0	0	73,242	77,148	78,613	79,59	80,566
0	0	0	0	26,367	41,895	51,465	58,447	63,965	0	0	0	73,242	77,637	78,613	79,59	80,078
0	0	0	0	26,367	41,992	51,611	58,594	64,111	0	0	0	73,242	77,148	78,613	79,59	80,078
0	0	0	0	26,416	42,09	51,709	58,691	64,258	0	0	0	73,242	77,637	78,613	79,59	80,078
0	0	0	0	26,416	42,139	51,855	58,838	64,404	0	0	0	73,242	77,637	78,613	79,59	80,078
0	0	0	0	26,465	42,236	51,953	58,984	64,551	0	0	0	73,242	77,148	78,613	79,59	80,078
0	0	0	0	26,465	42,285	52,051	59,131	64,746	0	0	0	73,242	77,637	78,613	79,59	80,078
0	0	0	0	26,465	42,383	52,197	59,229	64,844	0	0	0	73,242	77,148	78,613	79,59	80,078
0	0	0	0	26,514	42,48	52,295	59,375	64,99	0	0	0	73,242	77,637	79,102	79,59	80,078
0	0	0	0	26,514	42,529	52,393	59,521	65,137	0	0	0	73,242	77,148	78,613	79,59	80,078
0	0	0	0	26,514	42,627	52,49	59,619	65,283	0	0	0	73,242	77,148	78,613	79,59	80,078
0	0	0	0	26,562	42,725	52,637	59,766	65,43	0	0	0	73,242	77,148	78,613	79,59	80,566
0	0	0	0	26,562	42,773	52,734	59,863	65,576	0	0	0	73,242	77,148	78,613	79,59	80,078
0	0	0	0	26,562	42,871	52,832	60,01	65,723	0	0	0	73,242	77,148	78,613	79,59	80,078
0	0	0	0	26,611	42,92	52,93	60,156	65,869	0	0	0	73,242	77,637	78,613	79,59	80,078
0	0	0	0	26,611	43,018	53,027	60,303	66,016	0	0	0	73,242	77,148	79,102	79,59	80,078
0	0	0	0	26,611	43,066	53,174	60,4	66,113	0	0	0	73,242	77,637	78,613	79,59	80,078
0	0	0	0	26,611	43,115	53,271	60,498	66,26	0	0	0	73,242	77,148	78,613	79,59	80,078
0	0	0	0	26,66	43,164	53,32	60,645	66,406	0	0	0	73,242	77,148	78,613	79,59	80,078
0	0	0	0	26,66	43,262	53,467	60,791	66,553	0	0	0	73,242	77,637	78,613	79,59	80,078
0	0	0	0	26,66	43,311	53,516	60,889	66,65	0	0	0	73,242	77,148	78,613	79,59	80,078
0	0	0	0	26,66	43,408	53,662	60,986	66,797	0	0	0	73,242	77,148	78,613	79,59	80,078
0	0	0	0	26,709	43,457	53,76	61,133	66,943	0	0	0	73,73	77,637	78,613	79,59	80,078
0	0	0	0	26,709	43,506	53,809	61,23	67,041	0	0	0	73,242	77,637	78,613	79,59	80,566
0	0	0	0	26,709	43,604	53,906	61,328	67,187	0	0	0	73,242	77,637	78,613	79,59	80,566
0	0	0	0	26,758	43,652	54,004	61,475	67,334	0	0	0	73,73	77,637	78,613	79,59	80,566
0	0	0	0	26,709	43,701	54,102	61,572	67,432	0	0	0	73,242	77,637	78,613	79,59	80,078
0	0	0	0	26,758	43,799	54,199	61,719	67,578	0	0	0	73,242	77,148	78,613	79,59	80,078
0	0	0	0	26,758	43,848	54,297	61,816	67,725	0	0	0	73,242	77,637	78,613	79,59	80,078
0	0	0	0	26,758	43,896	54,395	61,914	67,822	0	0	0	73,242	77,637	78,613	79,59	80,566
0	0	0	0	26,807	43,945	54,492	62,012	67,969	0	0	0	73,242	77,637	78,613	79,59	80,566
0	0	0	0	26,807	44,043	54,59	62,158	68,066	0	0	0	73,73	77,637	79,102	79,59	80,078
0	0	0	0	26,807	44,092	54,687	62,256	68,213	0	0	0	73,242	77,637	78,613	79,59	80,078
0	0	0	0	26,807	44,141	54,785	62,354	68,311	0	0	0	73,242	77,637	78,613	79,59	80,078
0	0	0	0	26,807	44,189	54,834	62,5	68,457	0	0	0	73,242	77,637	78,613	79,59	80,078
0	0	0	0	26,807	44,287	55,029	62,695	68,701	0	0	0	73,242	77,637	78,613	79,59	80,078
0	0	0	0	26,855	44,385	55,127	62,793	68,799	0	0	0	73,242	77,637	78,613	79,59	80,078
0	0	0	0	26,855	44,434	55,225	62,891	68,896	0	0	0	73,242	77,637	78,613	79,59	80,566
0	0	0	0	26,855	44,482	55,273	62,988	69,043	0	0	0	73,73	77,637	78,613	79,59	80,078
0	0	0	0	26,855	44,531	55,371	63,086	69,141	0	0	0	73,73	77,637	78,613	79,59	80,078
0	0	0	0	26,904	44,58	55,469	63,184	69,238	0	0	0	73,242	77,148	78,613	79,59	80,078
0	0	0	0	26,855	44,629	55,518	63,281	69,385	0	0	0	73,73	77,637	78,613	79,59	80,078
0	0	0	0	26,904	44,727	55,615	63,379	69,482	0	0	0	73,73	77,148	78,613	79,59	80,078
0	0	0	0	26,904	44,727	55,713	63,525	69,629	0	0	0	73,73	77,637	78,613	79,59	80,078
0	0	0	0	26,904	44,824	55,811	63,623	69,727	0	0	0	73,242	77,148	78,613	79,59	80,078
0	0	0	0	26,904	44,873	55,859	63,721	69,824	0	0	0	73,73	77,148	78,613	79,59	80,078
0	0	0	0	26,953	44,922	55,957	63,818	69,971	0	0	0	73,73	77,637	78,613	79,59	80,078
0	0	0	0	26,904	44,971	56,055	63,916	70,068	0	0	0	73,73	77,637	78,613	79,59	80,078
0	0	0	0	26,953	45,02	56,104	64,014	70,166	0	0	0	73,73	77,637	78,613	79,59	80,078
0	0	0	0	26,904	45,068	56,201	64,111	70,264	0	0	0	73,73	77,637	78,613	79,59	80,078
0	0	0	0	26,953	45,117	56,25	64,209	70,41	0	0	0	73,73	77,148	78,613	79,59	80,078
0	0	0	0	26,953	45,166	56,348	64,307	70,508	0	0	0	73,73	77,637	78,613	79,59	80,078
0	0	0	0	26,953	45,215	56,445	64,404	70,605	0	0	0	73,73	77,148	78,613	79,59	80,078
0	0	0	0	26,953	45,264	56,494	64,502	70,703	0	0	0	73,73	77,148	78,613	79,59	80,078
0	0	0	0	27,002	45,312	56,592	64,6	70,801	0	0	0	73,73	77,148	78,613	79,59	80,078
0	0	0	0	26,953	45,361	56,641	64,697	70,947	0	0	0	73,73	77,148	78,613	79,59	80,078
0	0	0	0	27,002	45,41	56,738	64,746	71,045	0	0	0	73,73	77,148	78,613	79,59	80,078
0	0	0	0	27,002	45,459	56,787	64,844	71,143	0	0	0	73,73	77,637	78,613	79,59	80,078
0	0	0	0	27,002	45,508	56,885	64,941	71,24	0	0	0	73,73	77,637	78,613	79,59	80,078
0	0	0	0	27,002	45,557	56,934	65,039	71,338	0	0	0	73,73	77,148	78,613	79,59	80,078
0	0	0	0	27,002	45,605	57,031	65,137	71,436	0	0	0	73,73	77,148	78,613	79,59	80,078
0	0	0	0	27,002	45,654	57,08	65,234	71,582	0	0	0	73,73	77,637	78,613	79,59	80,078
0	0	0	0	27,051	45,703	57,178	65,332	71,68	0	0	0	73,73	77,148	78,613	79,59	80,078
0	0	0	0	27,051	45,752	57,227	65,381	71,729	0	0	0	73,73	77,148	78,613	79,59	80,078
0	0	0	0	27,051	45,801	57,324	65,479	71,875	0	0	0	73,242	77,637	78,613	79,59	80,078
0	0	0	0	27,051	45,801	57,373	65,576	71,973	0	0	0	73,73	77,637	78,613	79,59	80,078
0	0	0	0	27,051	45,898	57,422	65,674	72,07	0	0	0	73,73	77,148	78,613	79,59	80,078
0	0	0	0	27,051	45,898	57,52	65,771	72,119	0	0	0	73,73	77,148	78,613	79,59	80,078
0	0	0	0	27,051	45,947	57,568	65,869	72,217	0	0	0	73,73	77,148	78,613	79,59	80,078
0	0	0	0	27,051	45,996	57,666	65,918	72,314	0	0	0	73,73	77,637	78,613	79,59	80,078
0	0	0	0	27,1	46,045	57,715	66,016	72,461	0	0	0	73,73	77,148	78,613	79,59	80,078
0	0	0	0	27,1	46,094	57,812	66,113	72,559	0	0	0	73,73	77,148	78,613	79,59	80,078
0	0	0	0	27,1	46,143	57,861	66,162	72,607	0	0	0	73,73	77,148	78,613	79,59	80,078
0	0	0	0	27,1	46,191	57,91	66,26	72,705	0	0	0	73,73	77,148	78,613	79,59	80,078
0	0	0	0	27,1	46,24	58,008	66,309	72,803	0	0	0	73,73	77,637	78,613	79,59	80,078
0	0	0	0	27,1	46,289	58,057	66,406	72,9	0	0	0	73,73	77,148	78,613	79,59	80,078
0	0	0	0	27,148	46,338	58,105	66,504	72,998	0	0	0	73,73	77,148	78,613	79,59	80,078
0	0	0	0	27,148	46,387	58,252	66,65	73,193	0	0	0	73,73	77,148	78,613	79,59	80,078
0	0	0	0	27,148	46,436	58,301	66,748	73,291	0	0	0	73,73	77,148	78,613	79,102	80,078
0	0	0	0	27,148	46,484	58,398	66,797	73,389	0	0	0	73,73	77,148	78,613	79,59	80,078
0	0	0	0	27,148	46,533	58,447	66,895	73,437	0	0	0	73,73	77,148	78,613	79,59	80,078
0	0	0	0	27,148	46,533	58,496	66,992	73,535	0	0	0	73,73	77,148	78,613	79,59	80,078
0	0	0	0	27,148	46,582	58,545	67,041	73,633	0	0	0	73,73	77,148	78,613	79,59	80,078
0	0	0	0	27,148	46,631	58,643	67,139	73,73	0	0	0	73,73	77,148	78,613	79,102	80,078
0	0	0	0	27,197	46,68	58,691	67,236	73,828	0	0	0	73,73	77,148	78,613	79,102	80,078
0	0	0	0	27,197	46,729	58,74	67,285	73,926	0	0	0	73,73	77,148	78,613	79,102	80,078
0	0	0	0	27,197	46,729	58,789	67,383	74,023	0	0	0	73,73	77,148	78,613	79,102	80,078
0	0	0	0	27,197	46,777	58,887	67,432	74,072	0	0	0	73,73	77,148	78,613	79,102	80,078
0	0	0	0	27,197	46,826	58,936	67,529	74,17	0	0	0	73,73	77,148	78,613	79,102	80,078
0	0	0	0	27,197	46,875	58,984	67,627	74,268	0	0	0	73,73	77,148	78,613	79,59	80,078
0	0	0	0	27,197	46,924	59,033	67,676	74,316	0	0	0	73,73	77,148	78,613	79,102	80,078
0	0	0	0	27,246	46,924	59,131	67,773	74,463	0	0	0	73,73	77,148	78,613	79,59	80,078
0	0	0	0	27,197	46,973	59,18	67,822	74,512	0	0	0	73,73	77,148	78,613	79,59	80,078
0	0	0	0	27,246	47,021	59,229	67,92	74,609	0	0	0	73,73	77,148	78,613	79,102	80,078
0	0	0	0	27,246	47,07	59,277	67,969	74,707	0	0	0	73,73	77,148	78,613	79,59	80,078
0	0	0	0	27,246	47,07	59,326	68,066	74,756	0	0	0	73,73	77,148	78,613	79,102	80,078
0	0	0	0	27,246	47,119	59,375	68,115	74,854	0	0	0	73,73	77,148	78,613	79,102	80,078
0	0	0	0	27,295	47,168	59,473	68,213	74,951	0	0	0	73,73	77,148	78,613	79,102	80,078
0	0	0	0	27,246	47,217	59,521	68,262	75	0	0	0	73,73	77,148	78,613	79,59	80,078
0	0	0	0	27,295	47,266	59,57	68,359	75,098	0	0	0	73,73	77,148	78,613	79,102	80,078
0	0	0	0	27,246	47,266	59,619	68,408	75,195	0	0	0	73,73	77,148	78,613	79,102	80,078
0	0	0	0	27,295	47,314	59,668	68,506	75,244	0	0	0	73,73	77,148	78,613	79,102	79,59
0	0	0	0	27,295	47,314	59,717	68,555	75,342	0	0	0	73,73	77,148	78,613	79,102	80,078
0	0	0	0	27,295	47,363	59,766	68,604	75,391	0	0	0	73,73	77,148	78,613	79,59	80,078
0	0	0	0	27,295	47,412	59,863	68,701	75,488	0	0	0	73,73	77,148	78,613	79,102	80,078
0	0	0	0	27,344	47,461	59,912	68,75	75,586	0	0	0	73,73	77,148	78,613	79,102	80,078
0	0	0	0	27,295	47,461	59,961	68,848	75,635	0	0	0	73,73	77,148	78,613	79,102	80,078
0	0	0	0	27,344	47,559	60,01	68,896	75,732	0	0	0	73,73	77,148	78,613	79,102	79,59
0	0	0	0	27,295	47,559	60,059	68,945	75,83	0	0	0	73,73	77,148	78,613	79,102	80,078
0	0	0	0	27,344	47,607	60,107	69,043	75,879	0	0	0	73,73	77,148	78,613	79,102	79,59
0	0	0	0	27,344	47,607	60,156	69,092	75,977	0	0	0	73,73	77,148	78,613	79,102	79,59
0	0	0	0	27,344	47,656	60,205	69,189	76,025	0	0	0	73,73	77,148	78,613	79,102	79,59
0	0	0	0	27,344	47,656	60,303	69,238	76,123	0	0	0	73,73	77,148	78,613	79,102	79,59
0	0	0	0	27,393	47,754	60,352	69,287	76,221	0	0	0	73,73	77,148	78,613	79,102	79,59
0	0	0	0	27,344	47,754	60,4	69,385	76,27	0	0	0	73,242	77,148	78,613	79,102	80,078
0	0	0	0	27,393	47,803	60,449	69,434	76,367	0	0	0	73,73	77,148	78,613	79,102	79,59
0	0	0	0	27,344	47,803	60,498	69,482	76,416	0	0	0	73,73	77,148	78,613	79,102	79,59
0	0	0	0	27,393	47,852	60,547	69,58	76,514	0	0	0	73,73	77,148	78,613	79,102	80,078
0	0	0	0	27,393	47,9	60,596	69,629	76,562	0	0	0	73,73	77,148	78,613	79,102	79,59
0	0	0	0	27,393	47,949	60,693	69,775	76,709	0	0	0	73,242	77,148	78,125	79,102	79,59
0	0	0	0	27,393	47,998	60,742	69,824	76,807	0	0	0	73,73	77,148	78,125	79,102	79,59
0	0	0	0	27,441	48,047	60,791	69,873	76,855	0	0	0	73,73	77,148	78,613	79,102	79,59
0	0	0	0	27,393	48,047	60,84	69,922	76,953	0	0	0	73,73	77,148	78,125	79,102	79,59
0	0	0	0	27,441	48,096	60,889	70,02	77,051	0	0	0	73,73	77,148	78,125	79,102	79,59
0	0	0	0	27,441	48,096	60,937	70,068	77,1	0	0	0	73,73	77,148	78,125	79,102	79,59
0	0	0	0	27,441	48,145	60,986	70,117	77,148	0	0	0	73,73	77,148	78,613	79,102	79,59
0	0	0	0	27,441	48,193	61,084	70,215	77,246	0	0	0	73,73	77,148	78,125	79,102	79,59
0	0	0	0	27,441	48,242	61,084	70,264	77,295	0	0	0	73,242	77,148	78,125	79,102	79,59
0	0	0	0	27,441	48,242	61,182	70,312	77,393	0	0	0	73,73	77,148	78,125	79,102	79,59
0	0	0	0	27,441	48,291	61,182	70,41	77,441	0	0	0	73,242	77,148	78,613	79,102	79,59
0	0	0	0	27,441	48,291	61,279	70,459	77,539	0	0	0	73,73	77,148	78,125	79,102	79,59
0	0	0	0	27,49	48,34	61,328	70,508	77,588	0	0	0	73,242	77,148	78,125	79,102	79,59
0	0	0	0	27,49	48,389	61,377	70,557	77,637	0	0	0	73,73	77,148	78,125	79,102	79,59
0	0	0	0	27,49	48,389	61,426	70,654	77,734	0	0	0	73,73	77,148	78,125	79,102	79,59
0	0	0	0	27,49	48,437	61,475	70,703	77,783	0	0	0	73,73	77,148	78,125	79,102	79,59
0	0	0	0	27,49	48,486	61,523	70,752	77,881	0	0	0	73,242	77,148	78,125	79,102	79,59
0	0	0	0	27,49	48,486	61,523	70,801	77,93	0	0	0	73,242	77,148	78,125	79,102	79,59
0	0	0	0	27,49	48,535	61,572	70,85	78,027	0	0	0	73,73	77,148	78,125	79,102	79,59
0	0	0	0	27,539	48,584	61,621	70,947	78,076	0	0	0	73,242	77,148	78,125	79,102	79,59
0	0	0	0	27,539	48,584	61,67	70,996	78,125	0	0	0	73,73	77,148	78,125	79,102	79,59
0	0	0	0	27,539	48,633	61,719	71,045	78,223	0	0	0	73,73	77,148	78,125	79,102	79,59
0	0	0	0	27,539	48,682	61,816	71,094	78,271	0	0	0	73,73	77,148	78,125	78,613	79,59
0	0	0	0	27,539	48,682	61,816	71,191	78,369	0	0	0	73,242	77,148	78,125	79,102	79,59
0	0	0	0	27,539	48,73	61,865	71,24	78,369	0	0	0	73,73	77,148	78,125	79,102	79,59
0	0	0	0	27,588	48,73	61,914	71,289	78,467	0	0	0	73,73	77,148	78,125	79,102	79,59
0	0	0	0	27,539	48,779	61,963	71,338	78,516	0	0	0	73,73	77,148	78,125	79,102	79,59
0	0	0	0	27,588	48,828	62,012	71,387	78,613	0	0	0	73,242	77,148	78,125	78,613	79,59
0	0	0	0	27,539	48,828	62,061	71,436	78,662	0	0	0	73,242	77,148	78,125	79,102	79,59
0	0	0	0	27,588	48,877	62,109	71,533	78,711	0	0	0	73,242	77,148	78,125	78,613	79,59
0	0	0	0	27,588	48,926	62,158	71,582	78,809	0	0	0	73,242	77,148	78,125	78,613	79,59
0	0	0	0	27,588	48,926	62,207	71,631	78,857	0	0	0	73,73	76,66	78,125	79,102	79,59
0	0	0	0	27,588	48,975	62,256	71,68	78,906	0	0	0	73,242	77,148	78,125	79,102	79,59
0	0	0	0	27,637	48,975	62,305	71,729	79,004	0	0	0	73,242	77,148	78,125	78,613	79,59
0	0	0	0	27,588	49,023	62,354	71,777	79,053	0	0	0	73,73	77,148	78,125	78,613	79,59
0	0	0	0	27,637	49,023	62,402	71,875	79,102	0	0	0	73,73	76,66	78,125	78,613	79,59
0	0	0	0	27,637	49,072	62,451	71,875	79,199	0	0	0	73,73	76,66	78,125	78,613	79,102
0	0	0	0	27,637	49,121	62,5	71,973	79,248	0	0	0	73,73	76,66	78,125	78,613	79,59
0	0	0	0	27,637	49,121	62,549	72,021	79,297	0	0	0	73,73	76,66	78,125	78,613	79,59
0	0	0	0	27,637	49,17	62,549	72,07	79,346	0	0	0	73,73	76,66	78,125	78,613	79,102
0	0	0	0	27,637	49,17	62,598	72,119	79,395	0	0	0	73,73	77,148	78,125	78,613	79,59
0	0	0	0	27,686	49,219	62,695	72,217	79,541	0	0	0	73,73	76,66	78,125	78,613	79,102
0	0	0	0	27,637	49,268	62,744	72,266	79,59	0	0	0	73,73	76,66	78,125	78,613	79,102
0	0	0	0	27,686	49,316	62,744	72,314	79,687	0	0	0	73,242	76,66	78,125	78,613	79,102
0	0	0	0	27,686	49,316	62,793	72,363	79,736	0	0	0	73,242	76,66	78,125	78,613	79,102
0	0	0	0	27,686	49,365	62,842	72,412	79,785	0	0	0	73,73	76,66	78,125	78,613	79,102
0	0	0	0	27,686	49,365	62,891	72,51	79,834	0	0	0	73,73	77,148	78,125	78,613	79,102
0	0	0	0	27,686	49,414	62,939	72,51	79,932	0	0	0	73,73	76,66	77,637	78,613	79,102
0	0	0	0	27,686	49,414	62,988	72,607	79,98	0	0	0	73,242	76,66	78,125	78,613	79,102
0	0	0	0	27,734	49,463	63,037	72,656	80,029	0	0	0	73,73	76,66	78,125	78,613	79,102
0	0	0	0	27,686	49,463	63,086	72,705	80,078	0	0	0	73,242	76,66	78,125	78,613	79,102
0	0	0	0	27,734	49,512	63,086	72,754	80,176	0	0	0	73,242	76,66	78,125	78,613	79,102
0	0	0	0	27,734	49,561	63,135	72,803	80,225	0	0	0	73,242	76,66	77,637	78,613	79,102
0	0	0	0	27,734	49,561	63,184	72,852	80,273	0	0	0	73,242	76,66	78,125	78,613	79,102
0	0	0	0	27,734	49,609	63,232	72,9	80,322	0	0	0	73,73	76,66	77,637	78,613	79,102
0	0	0	0	27,734	49,609	63,281	72,949	80,371	0	0	0	73,242	76,66	78,125	78,613	79,102
0	0	0	0	27,734	49,658	63,33	72,998	80,469	0	0	0	73,242	76,66	78,125	78,613	79,102
0	0	0	0	27,783	49,658	63,379	73,047	80,518	0	0	0	73,242	76,66	78,125	78,613	79,102
0	0	0	0	27,783	49,707	63,379	73,096	80,566	0	0	0	73,242	76,66	77,637	78,613	79,102
0	0	0	0	27,783	49,756	63,428	73,145	80,615	0	0	0	73,73	76,66	77,637	78,613	79,102
0	0	0	0	27,783	49,756	63,477	73,193	80,664	0	0	0	73,242	76,66	77,637	78,613	79,102
0	0	0	0	27,783	49,805	63,525	73,242	80,713	0	0	0	73,242	76,66	77,637	78,613	79,102
0	0	0	0	27,783	49,805	63,574	73,291	80,811	0	0	0	73,242	76,66	77,637	78,613	79,102
0	0	0	0	27,832	49,854	63,623	73,389	80,859	0	0	0	73,242	76,66	77,637	78,613	79,102
0	0	0	0	27,783	49,854	63,623	73,389	80,908	0	0	0	73,242	76,66	77,637	78,613	79,102
0	0	0	0	27,832	49,902	63,672	73,437	80,957	0	0	0	73,242	76,66	77,637	78,613	79,102
0	0	0	0	27,832	49,902	63,721	73,535	81,006	0	0	0	73,242	76,66	77,637	78,613	79,102
0	0	0	0	27,832	49,951	63,77	73,535	81,055	0	0	0	73,242	76,66	77,637	78,613	79,102
0	0	0	0	27,832	49,951	63,818	73,633	81,152	0	0	0	73,242	76,66	77,637	78,613	79,102
0	0	0	0	27,832	50	63,867	73,633	81,152	0	0	0	73,242	76,66	77,637	78,613	79,102
0	0	0	0	27,832	50	63,867	73,73	81,25	0	0	0	73,242	76,66	77,637	78,613	79,102
0	0	0	0	27,881	50,049	63,916	73,73	81,299	0	0	0	73,242	76,66	77,637	78,613	79,102
0	0	0	0	27,881	50,098	63,965	73,828	81,348	0	0	0	73,242	76,66	77,637	78,613	79,102
0	0	0	0	27,881	50,098	64,014	73,828	81,396	0	0	0	73,242	76,66	77,637	78,613	78,613
0	0	0	0	27,881	50,098	64,062	73,926	81,445	0	0	0	73,242	76,66	77,637	78,125	79,102
0	0	0	0	27,881	50,146	64,111	73,926	81,494	0	0	0	73,242	76,66	77,637	78,125	79,102
0	0	0	0	27,881	50,195	64,111	74,023	81,543	0	0	0	73,242	76,66	77,637	78,613	78,613
0	0	0	0	27,881	50,195	64,16	74,023	81,592	0	0	0	73,242	76,66	77,637	78,125	78,613
0	0	0	0	27,93	50,244	64,209	74,072	81,689	0	0	0	73,242	76,66	77,637	78,613	78,613
0	0	0	0	27,881	50,244	64,258	74,121	81,738	0	0	0	73,242	76,66	77,637	78,125	78,613
0	0	0	0	27,93	50,293	64,307	74,219	81,787	0	0	0	73,242	76,66	77,637	78,613	78,613
0	0	0	0	27,93	50,293	64,355	74,219	81,836	0	0	0	73,242	76,66	77,637	78,125	78,613
0	0	0	0	27,93	50,342	64,355	74,268	81,885	0	0	0	73,242	76,66	77,637	78,125	78,613
0	0	0	0	27,93	50,391	64,453	74,365	81,982	0	0	0	73,242	76,66	77,637	78,125	78,613
0	0	0	0	27,93	50,391	64,453	74,414	82,031	0	0	0	73,242	76,66	77,637	78,125	78,613
0	0	0	0	27,93	50,439	64,502	74,463	82,08	0	0	0	73,242	76,66	77,637	78,125	78,613
0	0	0	0	27,979	50,439	64,551	74,512	82,129	0	0	0	73,242	76,66	77,637	78,125	78,613
0	0	0	0	27,93	50,488	64,6	74,561	82,227	0	0	0	73,242	76,66	77,637	78,125	78,613
0	0	0	0	27,979	50,488	64,648	74,609	82,227	0	0	0	73,242	76,66	77,637	78,125	78,613
0	0	0	0	27,979	50,537	64,697	74,658	82,275	0	0	0	73,242	76,66	77,637	78,125	78,613
0	0	0	0	27,979	50,537	64,697	74,707	82,373	0	0	0	73,242	76,66	77,637	78,125	78,613
0	0	0	0	27,979	50,586	64,746	74,756	82,422	0	0	0	73,242	76,66	77,637	78,125	78,613
0	0	0	0	28,027	50,586	64,795	74,805	82,471	0	0	0	73,242	76,66	77,637	78,125	78,613
0	0	0	0	27,979	50,635	64,844	74,854	82,52	0	0	0	73,242	76,66	77,637	78,125	78,613
0	0	0	0	28,027	50,635	64,844	74,902	82,568	0	0	0	73,242	76,66	77,637	78,125	78,613
0	0	0	0	27,979	50,684	64,893	74,902	82,617	0	0	0	73,242	76,66	77,637	78,125	78,613
0	0	0	0	28,027	50,684	64,941	74,951	82,666	0	0	0	73,242	76,66	77,637	78,125	78,613
0	0	0	0	28,027	50,732	64,99	75	82,715	0	0	0	73,242	76,66	77,637	78,125	78,613
0	0	0	0	28,027	50,732	64,99	75,049	82,764	0	0	0	73,242	76,172	77,637	78,125	78,613
0	0	0	0	28,027	50,781	65,039	75,098	82,812	0	0	0	73,242	76,172	77,637	78,125	78,613
0	0	0	0	28,076	50,83	65,088	75,146	82,861	0	0	0	73,242	76,66	77,148	78,125	78,613
0	0	0	0	28,076	50,83	65,137	75,195	82,91	0	0	0	73,242	76,172	77,637	78,125	78,613
0	0	0	0	28,076	50,879	65,137	75,244	82,959	0	0	0	73,242	76,172	77,148	78,125	78,613
0	0	0	0	28,076	50,879	65,186	75,244	83,008	0	0	0	73,242	76,172	77,148	78,125	78,613
0	0	0	0	28,076	50,879	65,234	75,342	83,057	0	0	0	73,242	76,172	77,148	78,125	78,613
0	0	0	0	28,076	50,928	65,283	75,342	83,105	0	0	0	73,242	76,172	77,148	77,637	78,613
0	0	0	0	28,076	50,928	65,283	75,391	83,154	0	0	0	73,242	76,172	77,148	77,637	78,613
0	0	0	0	28,076	50,977	65,332	75,439	83,203	0	0	0	73,242	76,172	77,148	77,637	78,613
0	0	0	0	28,125	50,977	65,381	75,488	83,252	0	0	0	73,242	76,172	77,148	77,637	78,613
0	0	0	0	28,076	51,025	65,43	75,537	83,301	0	0	0	73,242	76,172	77,148	77,637	78,613
0	0	0	0	28,125	51,025	65,479	75,586	83,35	0	0	0	73,242	76,172	77,148	77,637	78,613
0	0	0	0	28,125	51,074	65,479	75,635	83,398	0	0	0	73,242	76,172	77,148	77,637	78,125
0	0	0	0	28,125	51,074	65,527	75,684	83,447	0	0	0	73,242	76,172	77,148	77,637	78,125
0	0	0	0	28,125	51,123	65,527	75,684	83,496	0	0	0	73,242	76,172	77,148	77,637	78,613
0	0	0	0	28,174	51,123	65,576	75,732	83,545	0	0	0	73,242	76,172	77,148	77,637	78,613
0	0	0	0	28,125	51,172	65,625	75,781	83,594	0	0	0	73,242	76,172	77,148	77,637	78,125
0	0	0	0	28,174	51,172	65,674	75,83	83,643	0	0	0	73,242	76,172	77,148	77,637	78,125
0	0	0	0	28,174	51,221	65,723	75,879	83,691	0	0	0	73,242	76,172	77,148	77,637	78,125
0	0	0	0	28,174	51,221	65,723	75,928	83,74	0	0	0	73,242	76,172	77,148	77,637	78,125
0	0	0	0	28,174	51,27	65,771	75,977	83,789	0	0	0	73,242	76,172	77,148	77,637	78,125
0	0	0	0	28,174	51,27	65,82	76,025	83,838	0	0	0	73,242	76,172	77,148	77,637	78,125
0	0	0	0	28,174	51,318	65,869	76,025	83,887	0	0	0	73,242	76,172	77,148	77,637	78,125
0	0	0	0	28,223	51,318	65,869	76,074	83,936	0	0	0	73,242	76,172	77,148	77,637	78,125
0	0	0	0	28,223	51,318	65,918	76,123	83,984	0	0	0	73,242	76,172	77,148	77,637	78,125
0	0	0	0	28,223	51,367	65,918	76,172	84,033	0	0	0	73,242	76,172	77,148	77,637	78,125
0	0	0	0	28,223	51,416	66,016	76,27	84,082	0	0	0	73,242	76,172	77,148	77,637	78,125
0	0	0	0	28,223	51,416	66,064	76,27	84,131	0	0	0	73,242	76,172	77,148	77,637	78,125
0	0	0	0	28,223	51,465	66,064	76,318	84,18	0	0	0	73,242	76,172	77,148	77,637	78,125
0	0	0	0	28,223	51,465	66,113	76,367	84,229	0	0	0	73,242	76,172	77,148	77,637	78,125
0	0	0	0	28,223	51,514	66,162	76,416	84,277	0	0	0	73,242	76,172	77,148	77,637	78,125
0	0	0	0	28,223	51,514	66,211	76,465	84,326	0	0	0	73,242	76,172	77,148	77,637	78,125
0	0	0	0	28,271	51,514	66,211	76,514	84,375	0	0	0	73,242	76,172	77,148	77,637	78,125
0	0	0	0	28,271	51,562	66,26	76,514	84,424	0	0	0	73,242	76,172	77,148	77,637	78,125
0	0	0	0	28,271	51,562	66,309	76,562	84,473	0	0	0	73,242	76,172	77,148	77,637	78,125
0	0	0	0	28,271	51,611	66,309	76,611	84,521	0	0	0	73,242	76,172	77,148	77,637	78,125
0	0	0	0	28,271	51,611	66,357	76,66	84,57	0	0	0	73,242	76,172	77,148	77,637	78,125
0	0	0	0	28,271	51,66	66,406	76,709	84,619	0	0	0	73,242	76,172	76,66	77,637	78,125
0	0	0	0	28,32	51,66	66,406	76,758	84,619	0	0	0	73,242	76,172	76,66	77,637	77,637
0	0	0	0	28,32	51,709	66,455	76,807	84,668	0	0	0	73,242	75,684	76,66	77,637	77,637
0	0	0	0	28,32	51,709	66,504	76,855	84,717	0	0	0	73,242	75,684	76,66	77,637	78,125
0	0	0	0	28,32	51,758	66,553	76,855	84,766	0	0	0	73,242	76,172	76,66	77,637	77,637
0	0	0	0	28,32	51,758	66,553	76,904	84,814	0	0	0	73,242	76,172	76,66	77,637	77,637
0	0	0	0	28,32	51,807	66,602	76,953	84,863	0	0	0	73,242	76,172	76,66	77,148	77,637
0	0	0	0	28,32	51,807	66,65	77,002	84,912	0	0	0	73,242	75,684	76,66	77,637	77,637
0	0	0	0	28,32	51,855	66,65	77,051	84,961	0	0	0	73,242	76,172	76,66	77,148	77,637
0	0	0	0	28,369	51,855	66,699	77,051	85,01	0	0	0	73,242	75,684	76,66	77,148	77,637
0	0	0	0	28,32	51,904	66,748	77,1	85,059	0	0	0	73,242	75,684	76,66	77,148	77,637
0	0	0	0	28,369	51,904	66,748	77,148	85,059	0	0	0	73,242	76,172	76,66	77,148	77,637
0	0	0	0	28,369	51,953	66,797	77,197	85,107	0	0	0	73,242	75,684	76,66	77,148	77,637
0	0	0	0	28,369	51,953	66,846	77,197	85,156	0	0	0	73,242	76,172	76,66	77,148	77,637
0	0	0	0	28,369	51,953	66,895	77,246	85,205	0	0	0	73,242	75,684	76,66	77,148	77,637
0	0	0	0	28,418	52,002	66,895	77,295	85,254	0	0	0	73,242	75,684	76,66	77,148	77,637
0	0	0	0	28,369	52,002	66,943	77,344	85,303	0	0	0	73,242	75,684	76,66	77,148	77,637
0	0	0	0	28,418	52,051	66,943	77,393	85,352	0	0	0	73,242	75,684	76,66	77,148	77,637
0	0	0	0	28,369	52,051	66,992	77,441	85,4	0	0	0	73,242	75,684	76,66	77,148	77,637
0	0	0	0	28,418	52,1	67,041	77,441	85,449	0	0	0	73,242	75,684	76,66	77,148	77,637
0	0	0	0	28,418	52,1	67,09	77,49	85,449	0	0	0	73,242	75,684	76,66	77,148	77,637
0	0	0	0	28,418	52,148	67,09	77,539	85,498	0	0	0	73,242	75,684	76,66	77,148	77,637
0	0	0	0	28,418	52,148	67,139	77,588	85,547	0	0	0	73,242	75,684	76,66	77,148	77,637
0	0	0	0	28,418	52,197	67,187	77,637	85,596	0	0	0	73,242	75,684	76,66	77,148	77,637
0	0	0	0	28,418	52,197	67,187	77,637	85,645	0	0	0	73,242	75,684	76,66	77,148	77,637
0	0	0	0	28,467	52,246	67,236	77,686	85,645	0	0	0	73,242	75,684	76,66	77,148	77,637
0	0	0	0	28,467	52,246	67,285	77,734	85,693	0	0	0	73,242	75,684	76,66	77,148	77,637
0	0	0	0	28,467	52,246	67,285	77,783	85,742	0	0	0	73,242	75,684	76,66	77,148	77,637
0	0	0	0	28,467	52,295	67,334	77,832	85,791	0	0	0	73,242	75,684	76,66	77,148	77,637
0	0	0	0	28,467	52,295	67,383	77,832	85,84	0	0	0	73,242	75,684	76,66	77,148	77,148
0	0	0	0	28,467	52,344	67,432	77,93	85,937	0	0	0	73,242	75,684	76,66	77,148	77,148
0	0	0	0	28,467	52,344	67,48	77,93	85,937	0	0	0	73,242	75,684	76,66	77,148	77,637
0	0	0	0	28,516	52,393	67,48	77,979	85,986	0	0	0	73,242	75,684	76,172	77,148	77,148
0	0	0	0	28,516	52,393	67,529	78,027	86,035	0	0	0	73,242	75,684	76,66	77,148	77,637
0	0	0	0	28,516	52,393	67,578	78,076	86,084	0	0	0	73,242	75,684	76,66	77,148	77,637
0	0	0	0	28,516	52,441	67,578	78,125	86,133	0	0	0	72,754	75,684	76,66	77,148	77,148
0	0	0	0	28,516	52,441	67,627	78,125	86,133	0	0	0	73,242	75,684	76,66	76,66	77,148
0	0	0	0	28,564	52,49	67,676	78,174	86,182	0	0	0	73,242	75,684	76,172	76,66	77,148
0	0	0	0	28,564	52,49	67,676	78,223	86,23	0	0	0	73,242	75,684	76,172	76,66	77,148
0	0	0	0	28,564	52,539	67,725	78,271	86,279	0	0	0	72,754	75,684	76,172	76,66	77,148
0	0	0	0	28,564	52,539	67,773	78,271	86,328	0	0	0	73,242	75,684	76,172	76,66	77,148
0	0	0	0	28,564	52,588	67,773	78,32	86,377	0	0	0	72,754	75,684	76,172	76,66	77,148
0	0	0	0	28,564	52,588	67,822	78,369	86,377	0	0	0	73,242	75,684	76,172	76,66	77,148
0	0	0	0	28,613	52,637	67,822	78,369	86,426	0	0	0	72,754	75,684	76,172	76,66	77,148
0	0	0	0	28,613	52,637	67,871	78,418	86,475	0	0	0	73,242	75,684	76,172	76,66	77,148
0	0	0	0	28,613	52,686	67,92	78,467	86,523	0	0	0	72,754	75,684	76,172	76,66	77,148
0	0	0	0	28,613	52,686	67,92	78,516	86,572	0	0	0	73,242	75,195	76,172	76,66	77,148
0	0	0	0	28,613	52,686	67,969	78,516	86,572	0	0	0	72,754	75,684	76,172	76,66	77,148
0	0	0	0	28,613	52,734	68,018	78,564	86,621	0	0	0	72,754	75,684	76,172	76,66	77,148
0	0	0	0	28,613	52,734	68,066	78,613	86,67	0	0	0	73,242	75,195	76,172	76,66	77,148
0	0	0	0	28,613	52,783	68,066	78,662	86,719	0	0	0	72,754	75,195	76,172	76,66	77,148
0	0	0	0	28,613	52,783	68,115	78,662	86,768	0	0	0	73,242	75,684	76,172	76,66	77,148
0	0	0	0	28,662	52,783	68,115	78,711	86,816	0	0	0	72,754	75,684	76,172	76,66	77,148
0	0	0	0	28,613	52,832	68,164	78,76	86,816	0	0	0	72,754	75,684	76,172	76,66	77,148
0	0	0	0	28,662	52,832	68,213	78,76	86,865	0	0	0	72,754	75,195	76,172	76,66	77,148
0	0	0	0	28,662	52,881	68,213	78,809	86,914	0	0	0	72,754	75,195	76,172	76,66	77,148
0	0	0	0	28,662	52,881	68,262	78,857	86,963	0	0	0	72,754	75,195	76,172	76,66	76,66
0	0	0	0	28,662	52,93	68,311	78,857	86,963	0	0	0	73,242	75,195	76,172	76,66	76,66
0	0	0	0	28,711	52,93	68,311	78,906	87,012	0	0	0	72,754	75,195	76,172	76,66	76,66
0	0	0	0	28,711	52,979	68,359	78,955	87,061	0	0	0	73,242	75,195	76,172	76,66	76,66
0	0	0	0	28,711	52,979	68,359	79,004	87,109	0	0	0	72,754	75,195	76,172	76,66	76,66
0	0	0	0	28,711	52,979	68,408	79,004	87,109	0	0	0	72,754	75,195	76,172	76,66	76,66
0	0	0	0	28,711	53,027	68,457	79,053	87,158	0	0	0	72,754	75,195	75,684	76,66	76,66
0	0	0	0	28,711	53,027	68,457	79,102	87,207	0	0	0	72,754	75,195	76,172	76,66	76,66
0	0	0	0	28,711	53,076	68,506	79,15	87,256	0	0	0	72,754	75,195	76,172	76,66	76,66
0	0	0	0	28,711	53,076	68,555	79,15	87,305	0	0	0	72,754	75,195	76,172	76,66	76,66
0	0	0	0	28,76	53,125	68,555	79,199	87,305	0	0	0	72,754	75,195	76,172	76,172	76,66
0	0	0	0	28,711	53,125	68,604	79,248	87,354	0	0	0	72,754	75,195	75,684	76,66	76,66
0	0	0	0	28,76	53,174	68,652	79,297	87,402	0	0	0	72,754	75,195	75,684	76,172	76,66
0	0	0	0	28,76	53,174	68,652	79,297	87,451	0	0	0	72,754	75,195	75,684	76,172	76,66
0	0	0	0	28,76	53,174	68,701	79,346	87,451	0	0	0	72,754	75,195	75,684	76,172	76,66
0	0	0	0	28,76	53,223	68,75	79,395	87,5	0	0	0	72,754	75,195	75,684	76,172	76,66
0	0	0	0	28,809	53,271	68,75	79,443	87,598	0	0	0	72,754	75,195	75,684	76,172	76,66
0	0	0	0	28,76	53,271	68,799	79,492	87,598	0	0	0	72,754	75,195	75,684	76,172	76,66
0	0	0	0	28,809	53,32	68,848	79,492	87,646	0	0	0	72,754	75,195	75,684	76,172	76,66
0	0	0	0	28,809	53,32	68,848	79,541	87,695	0	0	0	72,754	75,195	75,684	76,172	76,66
0	0	0	0	28,809	53,32	68,896	79,59	87,744	0	0	0	72,754	75,195	75,684	76,172	76,66
0	0	0	0	28,809	53,32	68,945	79,59	87,744	0	0	0	72,754	75,195	75,684	76,172	76,66
0	0	0	0	28,809	53,369	68,945	79,639	87,793	0	0	0	72,754	75,195	75,684	76,172	76,66
0	0	0	0	28,809	53,369	68,994	79,687	87,793	0	0	0	72,754	75,195	75,684	76,172	76,66
0	0	0	0	28,857	53,418	68,994	79,736	87,842	0	0	0	72,754	75,195	75,684	76,172	76,66
0	0	0	0	28,857	53,418	69,043	79,736	87,891	0	0	0	72,754	75,195	75,684	76,172	76,66
0	0	0	0	28,857	53,467	69,043	79,785	87,939	0	0	0	72,754	75,195	75,684	76,172	76,172
0	0	0	0	28,857	53,467	69,092	79,834	87,988	0	0	0	72,754	75,195	75,684	76,172	76,172
0	0	0	0	28,906	53,516	69,141	79,834	87,988	0	0	0	72,754	75,195	75,684	76,172	76,66
0	0	0	0	28,857	53,516	69,141	79,883	88,037	0	0	0	72,754	75,195	75,684	76,172	76,66
0	0	0	0	28,906	53,564	69,189	79,932	88,086	0	0	0	72,754	74,707	75,684	76,172	76,66
0	0	0	0	28,906	53,516	69,238	79,98	88,086	0	0	0	72,754	75,195	75,684	75,684	76,172
0	0	0	0	28,906	53,564	69,238	79,98	88,135	0	0	0	72,754	75,195	75,684	76,172	76,172
0	0	0	0	28,906	53,564	69,287	80,029	88,184	0	0	0	72,754	75,195	75,684	76,172	76,172
0	0	0	0	28,906	53,613	69,287	80,029	88,184	0	0	0	72,754	74,707	75,684	76,172	76,172
0	0	0	0	28,906	53,613	69,336	80,078	88,232	0	0	0	72,754	75,195	75,684	76,172	76,172
0	0	0	0	28,906	53,662	69,385	80,127	88,281	0	0	0	72,754	75,195	75,684	75,684	76,172
0	0	0	0	28,955	53,662	69,385	80,176	88,281	0	0	0	72,754	74,707	75,684	75,684	76,172
0	0	0	0	28,955	53,711	69,434	80,176	88,33	0	0	0	72,754	74,707	75,684	75,684	76,172
0	0	0	0	28,955	53,711	69,434	80,225	88,379	0	0	0	72,754	74,707	75,684	75,684	76,172
0	0	0	0	28,955	53,711	69,482	80,273	88,428	0	0	0	72,754	74,707	75,684	75,684	76,172
0	0	0	0	28,955	53,76	69,531	80,273	88,428	0	0	0	72,754	74,707	75,684	75,684	76,172
0	0	0	0	28,955	53,76	69,531	80,322	88,477	0	0	0	72,754	74,707	75,684	75,684	76,172
0	0	0	0	28,955	53,809	69,58	80,371	88,525	0	0	0	72,754	74,707	75,195	75,684	76,172
0	0	0	0	29,004	53,809	69,629	80,371	88,574	0	0	0	72,754	74,707	75,195	75,684	76,172
0	0	0	0	29,004	53,857	69,629	80,42	88,574	0	0	0	72,754	74,707	75,195	75,684	76,172
0	0	0	0	29,004	53,857	69,678	80,469	88,623	0	0	0	72,754	74,707	75,195	75,684	76,172
0	0	0	0	29,004	53,857	69,678	80,469	88,672	0	0	0	72,754	74,707	75,195	75,684	76,172
0	0	0	0	29,004	53,906	69,727	80,518	88,672	0	0	0	72,754	74,707	75,195	75,684	76,172
0	0	0	0	29,004	53,906	69,727	80,566	88,721	0	0	0	72,754	74,707	75,195	75,684	76,172
0	0	0	0	29,004	53,955	69,775	80,566	88,77	0	0	0	72,754	74,707	75,195	75,684	76,172
0	0	0	0	29,053	53,955	69,824	80,615	88,77	0	0	0	72,754	74,707	75,195	75,684	75,684
0	0	0	0	29,053	54,004	69,824	80,615	88,818	0	0	0	72,754	74,707	75,195	75,684	75,684
0	0	0	0	29,053	54,004	69,873	80,664	88,867	0	0	0	72,754	74,707	75,195	75,684	76,172
0	0	0	0	29,053	54,004	69,922	80,713	88,867	0	0	0	72,754	74,707	75,195	75,684	75,684
0	0	0	0	29,053	54,053	69,922	80,762	88,916	0	0	0	72,754	74,707	75,195	75,684	75,684
0	0	0	0	29,053	54,053	69,971	80,762	88,965	0	0	0	72,754	74,707	75,195	75,684	75,684
0	0	0	0	29,053	54,102	69,971	80,811	88,965	0	0	0	72,754	74,707	75,195	75,684	75,684
0	0	0	0	29,053	54,102	70,02	80,859	89,062	0	0	0	72,754	74,707	75,195	75,684	75,684
0	0	0	0	29,102	54,15	70,068	80,908	89,062	0	0	0	72,754	74,707	75,195	75,684	75,684
0	0	0	0	29,102	54,15	70,117	80,908	89,111	0	0	0	72,754	74,707	75,195	75,195	75,684
0	0	0	0	29,102	54,15	70,117	80,957	89,16	0	0	0	72,754	74,707	75,195	75,195	75,684
0	0	0	0	29,102	54,199	70,166	80,957	89,209	0	0	0	72,754	74,707	75,195	75,195	75,684
0	0	0	0	29,15	54,199	70,166	81,006	89,209	0	0	0	72,754	74,707	75,195	75,684	75,684
0	0	0	0	29,15	54,248	70,215	81,055	89,258	0	0	0	72,754	74,707	75,195	75,684	75,684
0	0	0	0	29,15	54,248	70,215	81,104	89,307	0	0	0	72,754	74,707	75,195	75,684	75,684
0	0	0	0	29,15	54,297	70,264	81,104	89,307	0	0	0	72,754	74,707	75,195	75,195	75,684
0	0	0	0	29,15	54,297	70,264	81,152	89,355	0	0	0	72,754	74,707	75,195	75,195	75,684
0	0	0	0	29,15	54,297	70,312	81,152	89,355	0	0	0	72,754	74,707	74,707	75,195	75,684
0	0	0	0	29,15	54,346	70,312	81,201	89,404	0	0	0	72,754	74,219	75,195	75,195	75,684
0	0	0	0	29,15	54,346	70,361	81,25	89,453	0	0	0	72,754	74,707	74,707	75,195	75,684
0	0	0	0	29,199	54,395	70,41	81,25	89,502	0	0	0	72,754	74,219	74,707	75,195	75,684
0	0	0	0	29,199	54,395	70,41	81,299	89,502	0	0	0	72,754	74,219	74,707	75,195	75,684
0	0	0	0	29,199	54,395	70,459	81,348	89,551	0	0	0	72,754	74,219	74,707	75,195	75,684
0	0	0	0	29,199	54,443	70,459	81,348	89,551	0	0	0	72,754	74,219	74,707	75,195	75,195
0	0	0	0	29,199	54,492	70,508	81,396	89,6	0	0	0	72,266	74,219	74,707	75,195	75,195
0	0	0	0	29,199	54,492	70,557	81,396	89,648	0	0	0	72,754	74,219	74,707	75,195	75,195
0	0	0	0	29,248	54,492	70,557	81,445	89,648	0	0	0	72,754	74,219	74,707	75,195	75,195
0	0	0	0	29,199	54,492	70,605	81,445	89,697	0	0	0	72,754	74,219	74,707	75,195	75,195
