U(V)	I(mA)
-5	-99,951
-4,99	-99,951
-4,98	-99,951
-4,97	-99,951
-4,96	-99,951
-4,95	-99,951
-4,94	-99,951
-4,93	-99,951
-4,92	-99,951
-4,91	-99,951
-4,9	-99,951
-4,89	-99,951
-4,88	-99,951
-4,87	-99,951
-4,86	-99,951
-4,85	-99,951
-4,84	-99,951
-4,83	-99,951
-4,82	-99,951
-4,81	-99,951
-4,8	-99,951
-4,79	-99,951
-4,78	-99,951
-4,77	-99,951
-4,76	-99,951
-4,75	-99,951
-4,74	-99,951
-4,73	-99,951
-4,72	-99,951
-4,71	-99,951
-4,7	-99,951
-4,69	-99,951
-4,68	-99,951
-4,67	-99,951
-4,66	-99,951
-4,65	-99,951
-4,64	-99,951
-4,63	-99,951
-4,62	-99,951
-4,61	-99,951
-4,6	-99,951
-4,59	-99,951
-4,58	-99,951
-4,57	-99,951
-4,56	-99,951
-4,55	-99,951
-4,54	-99,951
-4,53	-99,951
-4,52	-99,951
-4,51	-99,951
-4,5	-99,951
-4,49	-99,951
-4,48	-99,951
-4,47	-99,951
-4,46	-99,951
-4,45	-99,951
-4,44	-99,951
-4,43	-99,951
-4,42	-99,951
-4,41	-99,365
-4,4	-96,729
-4,39	-94,238
-4,38	-91,748
-4,37	-87,158
-4,36	-84,961
-4,35	-82,764
-4,34	-80,664
-4,33	-78,564
-4,32	-76,562
-4,31	-74,609
-4,3	-72,705
-4,29	-70,85
-4,28	-69,092
-4,27	-67,334
-4,26	-65,625
-4,25	-63,965
-4,24	-62,305
-4,23	-60,742
-4,22	-59,18
-4,21	-57,666
-4,2	-56,25
-4,19	-54,834
-4,18	-53,467
-4,17	-52,1
-4,16	-50,781
-4,15	-49,463
-4,14	-48,193
-4,13	-46,973
-4,12	-45,85
-4,11	-44,678
-4,1	-43,555
-4,09	-42,432
-4,08	-41,406
-4,07	-40,332
-4,06	-39,355
-4,05	-38,33
-4,04	-37,402
-4,03	-36,523
-4,02	-35,596
-4,01	-34,717
-4	-33,887
-3,99	-33,057
-3,98	-32,227
-3,97	-31,445
-3,96	-30,713
-3,95	-29,297
-3,94	-28,564
-3,93	-27,881
-3,92	-27,197
-3,91	-26,562
-3,9	-25,879
-3,89	-25,293
-3,88	-24,707
-3,87	-24,121
-3,86	-23,486
-3,85	-22,949
-3,84	-22,412
-3,83	-21,875
-3,82	-21,387
-3,81	-20,85
-3,8	-20,361
-3,79	-19,873
-3,78	-19,385
-3,77	-18,945
-3,76	-18,457
-3,75	-18,066
-3,74	-17,627
-3,73	-17,236
-3,72	-16,797
-3,71	-16,406
-3,7	-16,016
-3,69	-15,674
-3,68	-15,283
-3,67	-14,941
-3,66	-14,6
-3,65	-14,258
-3,64	-13,916
-3,63	-13,623
-3,62	-13,281
-3,61	-12,988
-3,6	-12,646
-3,59	-12,354
-3,58	-12,061
-3,57	-11,816
-3,56	-11,523
-3,55	-11,23
-3,54	-10,742
-3,53	-10,498
-3,52	-10,205
-3,51	-10,01
-3,5	-9,766
-3,49	-9,521
-3,48	-9,277
-3,47	-9,082
-3,46	-8,887
-3,45	-8,643
-3,44	-8,447
-3,43	-8,252
-3,42	-8,057
-3,41	-7,861
-3,4	-7,666
-3,39	-7,471
-3,38	-7,324
-3,37	-7,129
-3,36	-6,934
-3,35	-6,787
-3,34	-6,641
-3,33	-6,445
-3,32	-6,299
-3,31	-6,152
-3,3	-6,006
-3,29	-5,859
-3,28	-5,713
-3,27	-5,566
-3,26	-5,469
-3,25	-5,322
-3,24	-5,176
-3,23	-5,078
-3,22	-4,932
-3,21	-4,785
-3,2	-4,687
-3,19	-4,541
-3,18	-4,443
-3,17	-4,346
-3,16	-4,248
-3,15	-4,102
-3,14	-4,004
-3,13	-3,906
-3,12	-3,711
-3,11	-3,613
-3,1	-3,516
-3,09	-3,418
-3,08	-3,369
-3,07	-3,271
-3,06	-3,174
-3,05	-3,076
-3,04	-3,027
-3,03	-2,93
-3,02	-2,881
-3,01	-2,783
-3	-2,734
-2,99	-2,637
-2,98	-2,588
-2,97	-2,49
-2,96	-2,441
-2,95	-2,393
-2,94	-2,295
-2,93	-2,246
-2,92	-2,197
-2,91	-2,148
-2,9	-2,051
-2,89	-2,002
-2,88	-1,953
-2,87	-1,904
-2,86	-1,855
-2,85	-1,807
-2,84	-1,758
-2,83	-1,709
-2,82	-1,66
-2,81	-1,611
-2,8	-1,562
-2,79	-1,514
-2,78	-1,465
-2,77	-1,416
-2,76	-1,367
-2,75	-1,318
-2,74	-1,27
-2,73	-1,27
-2,72	-1,221
-2,71	-1,172
-2,7	-1,123
-2,69	-1,074
-2,68	-1,025
-2,67	-1,025
-2,66	-0,977
-2,65	-0,928
-2,64	-0,928
-2,63	-0,879
-2,62	-0,879
-2,61	-0,83
-2,6	-0,83
-2,59	-0,781
-2,58	-0,732
-2,57	-0,732
-2,56	-0,684
-2,55	-0,684
-2,54	-0,684
-2,53	-0,635
-2,52	-0,635
-2,51	-0,586
-2,5	-0,586
-2,49	-0,537
-2,48	-0,537
-2,47	-0,537
-2,46	-0,488
-2,45	-0,488
-2,44	-0,439
-2,43	-0,439
-2,42	-0,439
-2,41	-0,391
-2,4	-0,391
-2,39	-0,391
-2,38	-0,342
-2,37	-0,342
-2,36	-0,342
-2,35	-0,342
-2,34	-0,293
-2,33	-0,293
-2,32	-0,293
-2,31	-0,293
-2,3	-0,244
-2,29	-0,195
-2,28	-0,195
-2,27	-0,195
-2,26	-0,195
-2,25	-0,195
-2,24	-0,195
-2,23	-0,195
-2,22	-0,146
-2,21	-0,146
-2,2	-0,146
-2,19	-0,146
-2,18	-0,146
-2,17	-0,146
-2,16	-0,098
-2,15	-0,098
-2,14	-0,098
-2,13	-0,098
-2,12	-0,098
-2,11	-0,049
-2,1	-0,098
-2,09	-0,049
-2,08	-0,049
-2,07	-0,049
-2,06	-0,049
-2,05	-0,049
-2,04	-0,049
-2,03	-0,049
-2,02	-0,049
-2,01	0
-2	0
-1,99	0
-1,98	0
-1,97	0
-1,96	0
-1,95	0
-1,94	0
-1,93	0
-1,92	0
-1,91	0
-1,9	0
-1,89	0
-1,88	0
-1,87	0,049
-1,86	0,049
-1,85	0,049
-1,84	0,049
-1,83	0,049
-1,82	0,049
-1,81	0,049
-1,8	0,049
-1,79	0,049
-1,78	0,049
-1,77	0,049
-1,76	0,049
-1,75	0,049
-1,74	0,049
-1,73	0,049
-1,72	0,049
-1,71	0,049
-1,7	0,049
-1,69	0,098
-1,68	0,098
-1,67	0,098
-1,66	0,098
-1,65	0,098
-1,64	0,098
-1,63	0,098
-1,62	0,098
-1,61	0,098
-1,6	0,098
-1,59	0,098
-1,58	0,098
-1,57	0,098
-1,56	0,098
-1,55	0,098
-1,54	0,098
-1,53	0,098
-1,52	0,098
-1,51	0,098
-1,5	0,098
-1,49	0,098
-1,48	0,098
-1,47	0,098
-1,46	0,098
-1,45	0,098
-1,44	0,098
-1,43	0,098
-1,42	0,098
-1,41	0,098
-1,4	0,098
-1,39	0,098
-1,38	0,098
-1,37	0,098
-1,36	0,098
-1,35	0,098
-1,34	0,098
-1,33	0,098
-1,32	0,098
-1,31	0,098
-1,3	0,098
-1,29	0,098
-1,28	0,098
-1,27	0,098
-1,26	0,098
-1,25	0,098
-1,24	0,098
-1,23	0,098
-1,22	0,098
-1,21	0,098
-1,2	0,098
-1,19	0,098
-1,18	0,098
-1,17	0,098
-1,16	0,098
-1,15	0,098
-1,14	0,098
-1,13	0,098
-1,12	0,098
-1,11	0,098
-1,1	0,098
-1,09	0,098
-1,08	0,098
-1,07	0,098
-1,06	0,098
-1,05	0,098
-1,04	0,098
-1,03	0,098
-1,02	0,098
-1,01	0,098
-1	0,098
-0,99	0,098
-0,98	0,098
-0,97	0,098
-0,96	0,098
-0,95	0,098
-0,94	0,098
-0,93	0,098
-0,92	0,098
-0,91	0,098
-0,9	0,098
-0,89	0,098
-0,88	0,098
-0,87	0,098
-0,86	0,098
-0,85	0,098
-0,84	0,098
-0,83	0,098
-0,82	0,098
-0,81	0,098
-0,8	0,098
-0,79	0,098
-0,78	0,098
-0,77	0,098
-0,76	0,098
-0,75	0,098
-0,74	0,098
-0,73	0,098
-0,72	0,098
-0,71	0,098
-0,7	0,098
-0,69	0,098
-0,68	0,098
-0,67	0,098
-0,66	0,098
-0,65	0,098
-0,64	0,098
-0,63	0,098
-0,62	0,098
-0,61	0,098
-0,6	0,098
-0,59	0,098
-0,58	0,098
-0,57	0,098
-0,56	0,098
-0,55	0,098
-0,54	0,098
-0,53	0,098
-0,52	0,098
-0,51	0,098
-0,5	0,098
-0,49	0,098
-0,48	0,098
-0,47	0,098
-0,46	0,098
-0,45	0,098
-0,44	0,098
-0,43	0,098
-0,42	0,098
-0,41	0,098
-0,4	0,098
-0,39	0,098
-0,38	0,098
-0,37	0,098
-0,36	0,098
-0,35	0,098
-0,34	0,098
-0,33	0,098
-0,32	0,098
-0,31	0,098
-0,3	0,098
-0,29	0,098
-0,28	0,098
-0,27	0,098
-0,26	0,098
-0,25	0,098
-0,24	0,098
-0,23	0,098
-0,22	0,098
-0,21	0,098
-0,2	0,098
-0,19	0,098
-0,18	0,098
-0,17	0,098
-0,16	0,098
-0,15	0,098
-0,14	0,098
-0,13	0,098
-0,12	0,098
-0,11	0,098
-0,1	0,098
-0,09	0,098
-0,08	0,098
-0,07	0,098
-0,06	0,098
-0,05	0,098
-0,04	0,098
-0,03	0,098
-0,02	0,098
-0,01	0,098
0	0,098
0,01	0,098
0,02	0,098
0,03	0,098
0,04	0,098
0,05	0,098
0,06	0,098
0,07	0,098
0,08	0,098
0,09	0,098
0,1	0,098
0,11	0,098
0,12	0,098
0,13	0,098
0,14	0,098
0,15	0,098
0,16	0,098
0,17	0,098
0,18	0,098
0,19	0,098
0,2	0,098
0,21	0,098
0,22	0,098
0,23	0,098
0,24	0,098
0,25	0,098
0,26	0,098
0,27	0,098
0,28	0,098
0,29	0,098
0,3	0,098
0,31	0,098
0,32	0,098
0,33	0,098
0,34	0,098
0,35	0,098
0,36	0,098
0,37	0,098
0,38	0,098
0,39	0,098
0,4	0,098
0,41	0,098
0,42	0,098
0,43	0,098
0,44	0,098
0,45	0,098
0,46	0,098
0,47	0,098
0,48	0,098
0,49	0,098
0,5	0,098
0,51	0,146
0,52	0,098
0,53	0,146
0,54	0,146
0,55	0,146
0,56	0,146
0,57	0,146
0,58	0,195
0,59	0,195
0,6	0,195
0,61	0,244
0,62	0,244
0,63	0,342
0,64	0,439
0,65	0,488
0,66	0,586
0,67	0,732
0,68	0,928
0,69	1,221
0,7	1,562
0,71	2,002
0,72	2,588
0,73	3,418
0,74	4,443
0,75	5,859
0,76	7,666
0,77	9,961
0,78	12,793
0,79	16,309
0,8	20,312
0,81	25
0,82	30,322
0,83	36,377
0,84	42,773
0,85	49,902
0,86	57,471
0,87	65,527
0,88	73,877
0,89	82,764
0,9	92,09
0,91	100
